{
  "scale_mat_11": [
    [
      1.6085468530654907,
      0.0,
      0.0,
      -0.06114206090569496
    ],
    [
      0.0,
      1.6085468530654907,
      0.0,
      -0.1111554354429245
    ],
    [
      0.0,
      0.0,
      1.6085468530654907,
      2.1347594261169434
    ],
    [
      0.0,
      0.0,
      0.0,
      1.0
    ]
  ],
  "cam_mat_11": [
    [
      1588.7464599609375,
      0.0,
      953.0350341796875,
      0.0
    ],
    [
      0.0,
      1616.720703125,
      597.2774047851562,
      0.0
    ],
    [
      0.0,
      0.0,
      1.0,
      0.0
    ],
    [
      0.0,
      0.0,
      0.0,
      1.0
    ]
  ],
  "proj_mat_11": [
    [
      [
        515.4498901367188,
        0.0,
        516.2739868164062,
        0.0
      ],
      [
        0.0,
        628.7943725585938,
        811.5899047851562,
        0.0
      ],
      [
        0.0,
        0.0,
        1.0,
        0.0
      ],
      [
        0.0,
        0.0,
        0.0,
        1.0
      ]
    ]
  ],
  "cam_pose_11": [
    [
      0.8656217455863953,
      -0.024024391546845436,
      -0.5001218318939209,
      1.0950676202774048
    ],
    [
      0.02842050790786743,
      0.9995954036712646,
      0.0011731920531019568,
      -0.00824811588972807
    ],
    [
      0.4998912513256073,
      -0.015229256823658943,
      0.8659542202949524,
      0.18521466851234436
    ],
    [
      0.0,
      0.0,
      0.0,
      1.0
    ]
  ],
  "cam_proj_pose_11": [
    [
      [
        0.9921721441107861,
        0.00792901013806047,
        0.12462579894931992,
        -0.4399675512760713
      ],
      [
        0.04083370459017199,
        0.9225217615976232,
        -0.383778845777806,
        -0.053490658129487514
      ],
      [
        -0.11801299662780224,
        0.3858636099045051,
        0.9149766379953208,
        -0.4523448225403254
      ],
      [
        0.0,
        0.0,
        0.0,
        1.0
      ]
    ]
  ],
  "scale_mat_10": [
    [
      1.6085468530654907,
      0.0,
      0.0,
      -0.06114206090569496
    ],
    [
      0.0,
      1.6085468530654907,
      0.0,
      -0.1111554354429245
    ],
    [
      0.0,
      0.0,
      1.6085468530654907,
      2.1347594261169434
    ],
    [
      0.0,
      0.0,
      0.0,
      1.0
    ]
  ],
  "cam_mat_10": [
    [
      1588.7464599609375,
      0.0,
      953.0350341796875,
      0.0
    ],
    [
      0.0,
      1616.720703125,
      597.2774047851562,
      0.0
    ],
    [
      0.0,
      0.0,
      1.0,
      0.0
    ],
    [
      0.0,
      0.0,
      0.0,
      1.0
    ]
  ],
  "proj_mat_10": [
    [
      [
        515.4498901367188,
        0.0,
        516.2739868164062,
        0.0
      ],
      [
        0.0,
        628.7943725585938,
        811.5899047851562,
        0.0
      ],
      [
        0.0,
        0.0,
        1.0,
        0.0
      ],
      [
        0.0,
        0.0,
        0.0,
        1.0
      ]
    ]
  ],
  "cam_pose_10": [
    [
      0.5008508563041687,
      -0.037163205444812775,
      -0.8647354245185852,
      1.9473392963409424
    ],
    [
      0.05349260941147804,
      0.998496949672699,
      -0.011929111555218697,
      0.01466294378042221
    ],
    [
      0.8638789653778076,
      -0.040282245725393295,
      0.5020861029624939,
      0.8886330723762512
    ],
    [
      0.0,
      0.0,
      0.0,
      1.0
    ]
  ],
  "cam_proj_pose_10": [
    [
      [
        0.9921721441107861,
        0.00792901013806047,
        0.12462579894931992,
        -0.4399675512760713
      ],
      [
        0.04083370459017199,
        0.9225217615976232,
        -0.383778845777806,
        -0.053490658129487514
      ],
      [
        -0.11801299662780224,
        0.3858636099045051,
        0.9149766379953208,
        -0.4523448225403254
      ],
      [
        0.0,
        0.0,
        0.0,
        1.0
      ]
    ]
  ],
  "scale_mat_9": [
    [
      1.6085468530654907,
      0.0,
      0.0,
      -0.06114206090569496
    ],
    [
      0.0,
      1.6085468530654907,
      0.0,
      -0.1111554354429245
    ],
    [
      0.0,
      0.0,
      1.6085468530654907,
      2.1347594261169434
    ],
    [
      0.0,
      0.0,
      0.0,
      1.0
    ]
  ],
  "cam_mat_9": [
    [
      1588.7464599609375,
      0.0,
      953.0350341796875,
      0.0
    ],
    [
      0.0,
      1616.720703125,
      597.2774047851562,
      0.0
    ],
    [
      0.0,
      0.0,
      1.0,
      0.0
    ],
    [
      0.0,
      0.0,
      0.0,
      1.0
    ]
  ],
  "proj_mat_9": [
    [
      [
        515.4498901367188,
        0.0,
        516.2739868164062,
        0.0
      ],
      [
        0.0,
        628.7943725585938,
        811.5899047851562,
        0.0
      ],
      [
        0.0,
        0.0,
        1.0,
        0.0
      ],
      [
        0.0,
        0.0,
        0.0,
        1.0
      ]
    ]
  ],
  "cam_pose_9": [
    [
      -0.00048028002493083477,
      -0.03600010275840759,
      -0.9993516802787781,
      2.3360915184020996
    ],
    [
      0.06873029470443726,
      0.9969874024391174,
      -0.03594795987010002,
      0.06287143379449844
    ],
    [
      0.9976351261138916,
      -0.06870299577713013,
      0.001995464088395238,
      1.9294514656066895
    ],
    [
      0.0,
      0.0,
      0.0,
      1.0
    ]
  ],
  "cam_proj_pose_9": [
    [
      [
        0.9921721441107861,
        0.00792901013806047,
        0.12462579894931992,
        -0.4399675512760713
      ],
      [
        0.04083370459017199,
        0.9225217615976232,
        -0.383778845777806,
        -0.053490658129487514
      ],
      [
        -0.11801299662780224,
        0.3858636099045051,
        0.9149766379953208,
        -0.4523448225403254
      ],
      [
        0.0,
        0.0,
        0.0,
        1.0
      ]
    ]
  ],
  "scale_mat_8": [
    [
      1.6085468530654907,
      0.0,
      0.0,
      -0.06114206090569496
    ],
    [
      0.0,
      1.6085468530654907,
      0.0,
      -0.1111554354429245
    ],
    [
      0.0,
      0.0,
      1.6085468530654907,
      2.1347594261169434
    ],
    [
      0.0,
      0.0,
      0.0,
      1.0
    ]
  ],
  "cam_mat_8": [
    [
      1588.7464599609375,
      0.0,
      953.0350341796875,
      0.0
    ],
    [
      0.0,
      1616.720703125,
      597.2774047851562,
      0.0
    ],
    [
      0.0,
      0.0,
      1.0,
      0.0
    ],
    [
      0.0,
      0.0,
      0.0,
      1.0
    ]
  ],
  "proj_mat_8": [
    [
      [
        515.4498901367188,
        0.0,
        516.2739868164062,
        0.0
      ],
      [
        0.0,
        628.7943725585938,
        811.5899047851562,
        0.0
      ],
      [
        0.0,
        0.0,
        1.0,
        0.0
      ],
      [
        0.0,
        0.0,
        0.0,
        1.0
      ]
    ]
  ],
  "cam_pose_8": [
    [
      -0.5003481507301331,
      -0.020785322412848473,
      -0.8655747771263123,
      2.1514461040496826
    ],
    [
      0.06986845284700394,
      0.9954822659492493,
      -0.06429250538349152,
      0.12316574156284332
    ],
    [
      0.8630006909370422,
      -0.09264501184225082,
      -0.49663546681404114,
      3.0213873386383057
    ],
    [
      0.0,
      0.0,
      0.0,
      1.0
    ]
  ],
  "cam_proj_pose_8": [
    [
      [
        0.9921721441107861,
        0.00792901013806047,
        0.12462579894931992,
        -0.4399675512760713
      ],
      [
        0.04083370459017199,
        0.9225217615976232,
        -0.383778845777806,
        -0.053490658129487514
      ],
      [
        -0.11801299662780224,
        0.3858636099045051,
        0.9149766379953208,
        -0.4523448225403254
      ],
      [
        0.0,
        0.0,
        0.0,
        1.0
      ]
    ]
  ],
  "scale_mat_7": [
    [
      1.6085468530654907,
      0.0,
      0.0,
      -0.06114206090569496
    ],
    [
      0.0,
      1.6085468530654907,
      0.0,
      -0.1111554354429245
    ],
    [
      0.0,
      0.0,
      1.6085468530654907,
      2.1347594261169434
    ],
    [
      0.0,
      0.0,
      0.0,
      1.0
    ]
  ],
  "cam_mat_7": [
    [
      1588.7464599609375,
      0.0,
      953.0350341796875,
      0.0
    ],
    [
      0.0,
      1616.720703125,
      597.2774047851562,
      0.0
    ],
    [
      0.0,
      0.0,
      1.0,
      0.0
    ],
    [
      0.0,
      0.0,
      0.0,
      1.0
    ]
  ],
  "proj_mat_7": [
    [
      [
        515.4498901367188,
        0.0,
        516.2739868164062,
        0.0
      ],
      [
        0.0,
        628.7943725585938,
        811.5899047851562,
        0.0
      ],
      [
        0.0,
        0.0,
        1.0,
        0.0
      ],
      [
        0.0,
        0.0,
        0.0,
        1.0
      ]
    ]
  ],
  "cam_pose_7": [
    [
      -0.8652017116546631,
      0.0042976574040949345,
      -0.5014055371284485,
      1.4475598335266113
    ],
    [
      0.056721463799476624,
      0.9943835735321045,
      -0.0893528088927269,
      0.17933382093906403
    ],
    [
      0.4982054531574249,
      -0.10574865341186523,
      -0.8605861663818359,
      3.872248649597168
    ],
    [
      0.0,
      0.0,
      0.0,
      1.0
    ]
  ],
  "cam_proj_pose_7": [
    [
      [
        0.9921721441107861,
        0.00792901013806047,
        0.12462579894931992,
        -0.4399675512760713
      ],
      [
        0.04083370459017199,
        0.9225217615976232,
        -0.383778845777806,
        -0.053490658129487514
      ],
      [
        -0.11801299662780224,
        0.3858636099045051,
        0.9149766379953208,
        -0.4523448225403254
      ],
      [
        0.0,
        0.0,
        0.0,
        1.0
      ]
    ]
  ],
  "scale_mat_6": [
    [
      1.6085468530654907,
      0.0,
      0.0,
      -0.06114206090569496
    ],
    [
      0.0,
      1.6085468530654907,
      0.0,
      -0.1111554354429245
    ],
    [
      0.0,
      0.0,
      1.6085468530654907,
      2.1347594261169434
    ],
    [
      0.0,
      0.0,
      0.0,
      1.0
    ]
  ],
  "cam_mat_6": [
    [
      1588.7464599609375,
      0.0,
      953.0350341796875,
      0.0
    ],
    [
      0.0,
      1616.720703125,
      597.2774047851562,
      0.0
    ],
    [
      0.0,
      0.0,
      1.0,
      0.0
    ],
    [
      0.0,
      0.0,
      0.0,
      1.0
    ]
  ],
  "proj_mat_6": [
    [
      [
        515.4498901367188,
        0.0,
        516.2739868164062,
        0.0
      ],
      [
        0.0,
        628.7943725585938,
        811.5899047851562,
        0.0
      ],
      [
        0.0,
        0.0,
        1.0,
        0.0
      ],
      [
        0.0,
        0.0,
        0.0,
        1.0
      ]
    ]
  ],
  "cam_pose_6": [
    [
      -0.9994632005691528,
      0.032663699239492416,
      -0.0025162221863865852,
      0.40940868854522705
    ],
    [
      0.03274771198630333,
      0.9939793348312378,
      -0.1045595183968544,
      0.21664923429489136
    ],
    [
      -0.0009142277995124459,
      -0.10458579659461975,
      -0.9945154786109924,
      4.259086608886719
    ],
    [
      0.0,
      0.0,
      0.0,
      1.0
    ]
  ],
  "cam_proj_pose_6": [
    [
      [
        0.9921721441107861,
        0.00792901013806047,
        0.12462579894931992,
        -0.4399675512760713
      ],
      [
        0.04083370459017199,
        0.9225217615976232,
        -0.383778845777806,
        -0.053490658129487514
      ],
      [
        -0.11801299662780224,
        0.3858636099045051,
        0.9149766379953208,
        -0.4523448225403254
      ],
      [
        0.0,
        0.0,
        0.0,
        1.0
      ]
    ]
  ],
  "scale_mat_5": [
    [
      1.6085468530654907,
      0.0,
      0.0,
      -0.06114206090569496
    ],
    [
      0.0,
      1.6085468530654907,
      0.0,
      -0.1111554354429245
    ],
    [
      0.0,
      0.0,
      1.6085468530654907,
      2.1347594261169434
    ],
    [
      0.0,
      0.0,
      0.0,
      1.0
    ]
  ],
  "cam_mat_5": [
    [
      1588.7464599609375,
      0.0,
      953.0350341796875,
      0.0
    ],
    [
      0.0,
      1616.720703125,
      597.2774047851562,
      0.0
    ],
    [
      0.0,
      0.0,
      1.0,
      0.0
    ],
    [
      0.0,
      0.0,
      0.0,
      1.0
    ]
  ],
  "proj_mat_5": [
    [
      [
        515.4498901367188,
        0.0,
        516.2739868164062,
        0.0
      ],
      [
        0.0,
        628.7943725585938,
        811.5899047851562,
        0.0
      ],
      [
        0.0,
        0.0,
        1.0,
        0.0
      ],
      [
        0.0,
        0.0,
        0.0,
        1.0
      ]
    ]
  ],
  "cam_pose_5": [
    [
      -0.865977942943573,
      0.056663718074560165,
      0.4968615174293518,
      -0.683889627456665
    ],
    [
      0.004380797501653433,
      0.994381308555603,
      -0.10576722770929337,
      0.22496023774147034
    ],
    [
      -0.5000629425048828,
      -0.08941544592380524,
      -0.8613605499267578,
      4.075624465942383
    ],
    [
      0.0,
      0.0,
      0.0,
      1.0
    ]
  ],
  "cam_proj_pose_5": [
    [
      [
        0.9921721441107861,
        0.00792901013806047,
        0.12462579894931992,
        -0.4399675512760713
      ],
      [
        0.04083370459017199,
        0.9225217615976232,
        -0.383778845777806,
        -0.053490658129487514
      ],
      [
        -0.11801299662780224,
        0.3858636099045051,
        0.9149766379953208,
        -0.4523448225403254
      ],
      [
        0.0,
        0.0,
        0.0,
        1.0
      ]
    ]
  ],
  "scale_mat_4": [
    [
      1.6085468530654907,
      0.0,
      0.0,
      -0.06114206090569496
    ],
    [
      0.0,
      1.6085468530654907,
      0.0,
      -0.1111554354429245
    ],
    [
      0.0,
      0.0,
      1.6085468530654907,
      2.1347594261169434
    ],
    [
      0.0,
      0.0,
      0.0,
      1.0
    ]
  ],
  "cam_mat_4": [
    [
      1588.7464599609375,
      0.0,
      953.0350341796875,
      0.0
    ],
    [
      0.0,
      1616.720703125,
      597.2774047851562,
      0.0
    ],
    [
      0.0,
      0.0,
      1.0,
      0.0
    ],
    [
      0.0,
      0.0,
      0.0,
      1.0
    ]
  ],
  "proj_mat_4": [
    [
      [
        515.4498901367188,
        0.0,
        516.2739868164062,
        0.0
      ],
      [
        0.0,
        628.7943725585938,
        811.5899047851562,
        0.0
      ],
      [
        0.0,
        0.0,
        1.0,
        0.0
      ],
      [
        0.0,
        0.0,
        0.0,
        1.0
      ]
    ]
  ],
  "cam_pose_4": [
    [
      -0.5001446604728699,
      0.06987129151821136,
      0.8631183505058289,
      -1.5398849248886108
    ],
    [
      -0.020794818177819252,
      0.9954828023910522,
      -0.09263628721237183,
      0.2020089328289032
    ],
    [
      -0.865692138671875,
      -0.0642799362540245,
      -0.49643248319625854,
      3.370274543762207
    ],
    [
      0.0,
      0.0,
      0.0,
      1.0
    ]
  ],
  "cam_proj_pose_4": [
    [
      [
        0.9921721441107861,
        0.00792901013806047,
        0.12462579894931992,
        -0.4399675512760713
      ],
      [
        0.04083370459017199,
        0.9225217615976232,
        -0.383778845777806,
        -0.053490658129487514
      ],
      [
        -0.11801299662780224,
        0.3858636099045051,
        0.9149766379953208,
        -0.4523448225403254
      ],
      [
        0.0,
        0.0,
        0.0,
        1.0
      ]
    ]
  ],
  "scale_mat_3": [
    [
      1.6085468530654907,
      0.0,
      0.0,
      -0.06114206090569496
    ],
    [
      0.0,
      1.6085468530654907,
      0.0,
      -0.1111554354429245
    ],
    [
      0.0,
      0.0,
      1.6085468530654907,
      2.1347594261169434
    ],
    [
      0.0,
      0.0,
      0.0,
      1.0
    ]
  ],
  "cam_mat_3": [
    [
      1588.7464599609375,
      0.0,
      953.0350341796875,
      0.0
    ],
    [
      0.0,
      1616.720703125,
      597.2774047851562,
      0.0
    ],
    [
      0.0,
      0.0,
      1.0,
      0.0
    ],
    [
      0.0,
      0.0,
      0.0,
      1.0
    ]
  ],
  "proj_mat_3": [
    [
      [
        515.4498901367188,
        0.0,
        516.2739868164062,
        0.0
      ],
      [
        0.0,
        628.7943725585938,
        811.5899047851562,
        0.0
      ],
      [
        0.0,
        0.0,
        1.0,
        0.0
      ],
      [
        0.0,
        0.0,
        0.0,
        1.0
      ]
    ]
  ],
  "cam_pose_3": [
    [
      0.0010758378775790334,
      0.06870484352111816,
      0.9976364374160767,
      -1.9284050464630127
    ],
    [
      -0.036025553941726685,
      0.9969920516014099,
      -0.06862162798643112,
      0.15380798280239105
    ],
    [
      -0.9993502497673035,
      -0.03586657717823982,
      0.0035477320197969675,
      2.32967209815979
    ],
    [
      0.0,
      0.0,
      0.0,
      1.0
    ]
  ],
  "cam_proj_pose_3": [
    [
      [
        0.9921721441107861,
        0.00792901013806047,
        0.12462579894931992,
        -0.4399675512760713
      ],
      [
        0.04083370459017199,
        0.9225217615976232,
        -0.383778845777806,
        -0.053490658129487514
      ],
      [
        -0.11801299662780224,
        0.3858636099045051,
        0.9149766379953208,
        -0.4523448225403254
      ],
      [
        0.0,
        0.0,
        0.0,
        1.0
      ]
    ]
  ],
  "scale_mat_2": [
    [
      1.6085468530654907,
      0.0,
      0.0,
      -0.06114206090569496
    ],
    [
      0.0,
      1.6085468530654907,
      0.0,
      -0.1111554354429245
    ],
    [
      0.0,
      0.0,
      1.6085468530654907,
      2.1347594261169434
    ],
    [
      0.0,
      0.0,
      0.0,
      1.0
    ]
  ],
  "cam_mat_2": [
    [
      1588.7464599609375,
      0.0,
      953.0350341796875,
      0.0
    ],
    [
      0.0,
      1616.720703125,
      597.2774047851562,
      0.0
    ],
    [
      0.0,
      0.0,
      1.0,
      0.0
    ],
    [
      0.0,
      0.0,
      0.0,
      1.0
    ]
  ],
  "proj_mat_2": [
    [
      [
        515.4498901367188,
        0.0,
        516.2739868164062,
        0.0
      ],
      [
        0.0,
        628.7943725585938,
        811.5899047851562,
        0.0
      ],
      [
        0.0,
        0.0,
        1.0,
        0.0
      ],
      [
        0.0,
        0.0,
        0.0,
        1.0
      ]
    ]
  ],
  "cam_pose_2": [
    [
      0.5001780390739441,
      0.053523991256952286,
      0.8642668724060059,
      -1.7444747686386108
    ],
    [
      -0.03717256709933281,
      0.9984949231147766,
      -0.04032381251454353,
      0.09361524879932404
    ],
    [
      -0.8651244044303894,
      -0.011957933194935322,
      0.5014148354530334,
      1.2394498586654663
    ],
    [
      0.0,
      0.0,
      0.0,
      1.0
    ]
  ],
  "cam_proj_pose_2": [
    [
      [
        0.9921721441107861,
        0.00792901013806047,
        0.12462579894931992,
        -0.4399675512760713
      ],
      [
        0.04083370459017199,
        0.9225217615976232,
        -0.383778845777806,
        -0.053490658129487514
      ],
      [
        -0.11801299662780224,
        0.3858636099045051,
        0.9149766379953208,
        -0.4523448225403254
      ],
      [
        0.0,
        0.0,
        0.0,
        1.0
      ]
    ]
  ],
  "scale_mat_1": [
    [
      1.6085468530654907,
      0.0,
      0.0,
      -0.06114206090569496
    ],
    [
      0.0,
      1.6085468530654907,
      0.0,
      -0.1111554354429245
    ],
    [
      0.0,
      0.0,
      1.6085468530654907,
      2.1347594261169434
    ],
    [
      0.0,
      0.0,
      0.0,
      1.0
    ]
  ],
  "cam_mat_1": [
    [
      1588.7464599609375,
      0.0,
      953.0350341796875,
      0.0
    ],
    [
      0.0,
      1616.720703125,
      597.2774047851562,
      0.0
    ],
    [
      0.0,
      0.0,
      1.0,
      0.0
    ],
    [
      0.0,
      0.0,
      0.0,
      1.0
    ]
  ],
  "proj_mat_1": [
    [
      [
        515.4498901367188,
        0.0,
        516.2739868164062,
        0.0
      ],
      [
        0.0,
        628.7943725585938,
        811.5899047851562,
        0.0
      ],
      [
        0.0,
        0.0,
        1.0,
        0.0
      ],
      [
        0.0,
        0.0,
        0.0,
        1.0
      ]
    ]
  ],
  "cam_pose_1": [
    [
      0.866513729095459,
      0.028324995189905167,
      0.49834901094436646,
      -1.0371540784835815
    ],
    [
      -0.023958059027791023,
      0.9995980858802795,
      -0.015157298184931278,
      0.037206731736660004
    ],
    [
      -0.4985780119895935,
      0.0011945319129154086,
      0.8668439984321594,
      0.385077565908432
    ],
    [
      0.0,
      0.0,
      0.0,
      1.0
    ]
  ],
  "cam_proj_pose_1": [
    [
      [
        0.9921721441107861,
        0.00792901013806047,
        0.12462579894931992,
        -0.4399675512760713
      ],
      [
        0.04083370459017199,
        0.9225217615976232,
        -0.383778845777806,
        -0.053490658129487514
      ],
      [
        -0.11801299662780224,
        0.3858636099045051,
        0.9149766379953208,
        -0.4523448225403254
      ],
      [
        0.0,
        0.0,
        0.0,
        1.0
      ]
    ]
  ],
  "scale_mat_0": [
    [
      1.6085468530654907,
      0.0,
      0.0,
      -0.06114206090569496
    ],
    [
      0.0,
      1.6085468530654907,
      0.0,
      -0.1111554354429245
    ],
    [
      0.0,
      0.0,
      1.6085468530654907,
      2.1347594261169434
    ],
    [
      0.0,
      0.0,
      0.0,
      1.0
    ]
  ],
  "cam_mat_0": [
    [
      1588.7464599609375,
      0.0,
      953.0350341796875,
      0.0
    ],
    [
      0.0,
      1616.720703125,
      597.2774047851562,
      0.0
    ],
    [
      0.0,
      0.0,
      1.0,
      0.0
    ],
    [
      0.0,
      0.0,
      0.0,
      1.0
    ]
  ],
  "proj_mat_0": [
    [
      [
        515.4498901367188,
        0.0,
        516.2739868164062,
        0.0
      ],
      [
        0.0,
        628.7943725585938,
        811.5899047851562,
        0.0
      ],
      [
        0.0,
        0.0,
        1.0,
        0.0
      ],
      [
        0.0,
        0.0,
        0.0,
        1.0
      ]
    ]
  ],
  "cam_pose_0": [
    [
      0.9999995827674866,
      4.594559140969068e-05,
      0.0008759647025726736,
      -0.0018703755922615528
    ],
    [
      -4.593300400301814e-05,
      1.0,
      -1.4387903320312034e-05,
      4.0004368202062324e-05
    ],
    [
      -0.0008759653428569436,
      1.4347662727232091e-05,
      0.9999995827674866,
      0.00017782763461582363
    ],
    [
      0.0,
      0.0,
      0.0,
      1.0
    ]
  ],
  "cam_proj_pose_0": [
    [
      [
        0.9921721441107861,
        0.00792901013806047,
        0.12462579894931992,
        -0.4399675512760713
      ],
      [
        0.04083370459017199,
        0.9225217615976232,
        -0.383778845777806,
        -0.053490658129487514
      ],
      [
        -0.11801299662780224,
        0.3858636099045051,
        0.9149766379953208,
        -0.4523448225403254
      ],
      [
        0.0,
        0.0,
        0.0,
        1.0
      ]
    ]
  ],
  "illumination_params": {
    "ambient": 1.0,
    "diffuse": 0.4,
    "emissive": 0.1
  }
}